sample	Prot1-readings	conc.	Prot1-Cal.Con.	Prot1-1	Prot2-readings	conc.	Prot2-Cal.Con.	Prot2-1	Prot3-readings	conc.	Prot3-Cal.Con.	Prot3-1	Prot4-readings	conc.	Prot4-Cal.Con.	Prot4-1	Prot5-readings	conc.	Prot5-Cal.Con.	Prot5-1	Prot6-readings	conc.	Prot6-Cal.Con.	Prot6-1	Prot7-readings	conc.	Prot7-Cal.Con.	Prot7-1	Prot8-readings	conc.	Prot8-Cal.Con.	Prot8-1	Prot9-readings	conc.	Prot9-Cal.Con.	Prot9-1	Prot10-readings	conc.	Prot10-Cal.Con.	Prot10-1
Standard1	60419.0	2.2	2.200309990001942	2.200309990001942	83783.0	4.4	4.400003401625979	4.400003401625979	1725330.0	70	69.99990209138163	69.99990209138163	34209.0	1.7	1.7004268139423864	1.7004268139423864	61522.0	2.6	2.601140308869122	2.601140308869122	553364.0	18	18.001740035621463	18.001740035621463	439779.0	14	13.999929432426207	13.999929432426207	38522.0	1.4	1.400764387198992	1.400764387198992	55317.0	2.1	2.100014086190529	2.100014086190529	891109.0	29	29.00000494490646	29.00000494490646
Standard2	15157.0	0.55	0.5474334349455906	0.5474334349455906	18270.0	1.1	1.1004331358764436	1.1004331358764436	414976.0	17.5	17.50237941767889	17.50237941767889	8003.0	0.425	0.42118158029960473	0.42118158029960473	14079.0	0.65	0.6391897099373074	0.6391897099373074	118931.0	4.5	4.481568032402294	4.481568032402294	105697.0	3.5	3.501623622482705	3.501623622482705	7307.0	0.35	0.3395886666302426	0.3395886666302426	14851.0	0.525	0.524770415005235	0.524770415005235	205672.0	7.25	7.24984766513574	7.24984766513574
Standard3	4068.0	0.138	0.14351582045469127	0.14351582045469127	3979.0	0.275	0.27007332238111476	0.27007332238111476	94824.0	4.38	4.363411904696707	4.363411904696707	2129.0	0.106	0.11394356187989868	0.11394356187989868	4009.0	0.163	0.18847096337859823	0.18847096337859823	27386.0	1.13	1.1762892882928602	1.1762892882928602	22994.0	0.875	0.8625296134129532	0.8625296134129532	2308.0	0.0875	0.12117744786865386	0.12117744786865386	3594.0	0.131	0.13258338519928667	0.13258338519928667	46576.0	1.81	1.8113856350405184	1.8113856350405184
Standard4	1046.0	0.0344	0.03367843118353074	0.03367843118353074	1164.0	0.0688	0.08199160603526852	0.08199160603526852	22439.0	1.09	1.1236674282208707	1.1236674282208707	623.0	0.0266	0.029729347224175997	0.029729347224175997	958.0	0.0406	0.04100891515207308	0.04100891515207308	6246.0	0.281	0.29265945061692816	0.29265945061692816	6003.0	0.219	0.24867569768513598	0.24867569768513598	577.0	0.0219	0.026448458113106272	0.026448458113106272	773.0	0.0328	0.028667983749115746	0.028667983749115746	10481.0	0.453	0.44826242389418347	0.44826242389418347
Standard5	332.0	0.00859	0.007784767831376322	0.007784767831376322	332.0	0.0172	0.01850437563643636	0.01850437563643636	5462.0	0.273	0.28379361698572764	0.28379361698572764	220.0	0.00664	0.005492172102539598	0.005492172102539598	347.0	0.0102	0.008690563494206695	0.008690563494206695	1770.0	0.0703	0.07535572933838464	0.07535572933838464	1437.0	0.0547	0.05827043398670303	0.05827043398670303	223.0	0.00547	nan	nan	318.0	0.0082	0.01023321686234387	0.01023321686234387	2593.0	0.113	0.11750761865932001	0.11750761865932001
Standard6	152.0	0.00215	0.0012721674175691711	0.0012721674175691711	143.0	0.0043	0.0012640057117749156	0.0012640057117749156	1474.0	0.0684	0.06426966700439009	0.06426966700439009	135.0	0.00166	nan	nan	141.0	0.00254	nan	nan	455.0	0.0176	nan	nan	422.0	0.0137	0.0075295912143887095	0.0075295912143887095	126.0	0.00137	nan	nan	145.0	0.00205	0.002597361340779553	0.002597361340779553	736.0	0.0283	0.031241925195111403	0.031241925195111403
Standard7	108.0	0.000537	nan	nan	89.0	0.00107	nan	nan	491.0	0.0171	0.002244233497833504	0.002244233497833504	93.0	0.000415	nan	nan	106.0	0.000635	nan	nan	201.0	0.00439	nan	nan	158.0	0.00342	nan	nan	92.0	0.000342	nan	nan	116.0	0.000513	0.0011957006080901358	0.0011957006080901358	250.0	0.00708	0.006084562872087872	0.006084562872087872
Standard8	117.0	0	9.86394184647172e-06	9.86394184647172e-06	87.0	0	nan	nan	165.0	0	nan	nan	99.0	0	nan	nan	100.0	0	nan	nan	88.0	0	nan	nan	97.0	0	nan	nan	85.0	0	nan	nan	89.0	0	nan	nan	91.0	0	nan	nan
3001241309 1:50000	54490.0	-	1.9835630890326337	99178.15445163168	78100.0	-	4.127850399386888	206392.51996934437	230.0	-	nan	nan	32902.0	-	1.6382552484307813	81912.76242153907	47971.0	-	2.054466696459323	102723.33482296614	214168.0	-	7.63262648185201	381631.3240926005	215272.0	-	6.858864416673571	342943.22083367856	45179.0	-	1.6024598109119141	80122.9905455957	50135.0	-	1.87402708499094	93701.354249547	237782.0	-	8.30535901205615	415267.95060280745
3001241309 1:100000	5072.0	-	0.1800452477696664	18004.524776966642	7039.0	-	0.45889530985179583	45889.53098517958	164.0	-	nan	nan	3452.0	-	0.18503681104094027	18503.681104094027	4655.0	-	0.21852783950130805	21852.783950130804	22468.0	-	0.9803573942533732	98035.73942533732	21545.0	-	0.8126394145905574	81263.94145905574	4476.0	-	0.22108526641265147	22108.526641265147	5433.0	-	0.19746191480156447	19746.191480156445	23785.0	-	0.9670102931898253	96701.02931898253
V2120003B2 1:50000	55020.0	-	2.0029360495315953	100146.80247657976	82532.0	-	4.34024167164645	217012.08358232252	209.0	-	nan	nan	34014.0	-	1.6911582670138716	84557.91335069358	54486.0	-	2.318227195277058	115911.35976385289	183126.0	-	6.624495968999367	331224.7984499684	131430.0	-	4.292128754782799	214606.43773913995	37274.0	-	1.3623498645438847	68117.49322719424	50306.0	-	1.8813439447678586	94067.19723839292	185271.0	-	6.574475562732941	328723.778136647
V2120003B2 1:100000	5501.0	-	0.19565766946952995	19565.766946952994	7758.0	-	0.5019625942945628	50196.25942945628	155.0	-	nan	nan	3369.0	-	0.18062401749587462	18062.40174958746	5444.0	-	0.25491325281053007	25491.325281053007	18281.0	-	0.8101506287507986	81015.06287507986	12943.0	-	0.508954301472953	50895.430147295294	3602.0	-	0.18213919805850026	18213.919805850026	4997.0	-	0.18217183804578876	18217.183804578875	18421.0	-	0.7612966939940995	76129.66939940995
V2120031B1 1:50000	27748.0	-	1.0067464605030192	50337.32302515096	55155.0	-	3.0088783295267607	150443.91647633802	2075.0	-	0.09915326674486576	4957.663337243288	25197.0	-	1.2691724345354989	63458.621726774945	30387.0	-	1.3316276780194567	66581.38390097284	117568.0	-	4.43500478606757	221750.2393033785	106072.0	-	3.513183863700177	175659.19318500883	25805.0	-	0.9983096836675834	49915.48418337917	20493.0	-	0.7237028641387758	36185.14320693879	134093.0	-	4.8595262977161156	242976.31488580577
3001241302 1:50000	29163.0	-	1.058394280008977	52919.71400044885	27449.0	-	1.5948332423984086	79741.66211992044	423.0	-	nan	nan	16744.0	-	0.8578286349007888	42891.43174503944	25863.0	-	1.1422898708370455	57114.49354185227	78447.0	-	3.072730072451812	153636.5036225906	75852.0	-	2.5751533505662167	128757.66752831083	19612.0	-	0.7910767166741766	39553.83583370883	25004.0	-	0.8861550233547104	44307.75116773552	83016.0	-	3.10588622070967	155294.3110354835
3001241302 1:100000	2834.0	-	0.09863871024600389	9863.871024600388	2975.0	-	0.20535361126770954	20535.361126770953	193.0	-	nan	nan	1789.0	-	0.09534705756268726	9534.705756268726	2819.0	-	0.1323089069096857	13230.890690968568	8177.0	-	0.37995168163783866	37995.16816378386	7656.0	-	0.3126284321733414	31262.843217334143	2090.0	-	0.11036974373028813	11036.974373028812	2579.0	-	0.09614412349268726	9614.412349268727	8744.0	-	0.37781701366500386	37781.70136650038
V2002042B2 1:50000	11683.0	-	0.42080880589223096	21040.440294611548	16070.0	-	0.9787808972520478	48939.044862602386	17334.0	-	0.8788289885900594	43941.44942950297	6863.0	-	0.36286503011175064	18143.251505587534	9962.0	-	0.45844858334575783	22922.42916728789	39923.0	-	1.6613016678967438	83065.08339483719	41668.0	-	1.4856879982564226	74284.39991282113	8217.0	-	0.37589412777576586	18794.706388788294	11749.0	-	0.4168165091324115	20840.825456620572	41372.0	-	1.6217818329967042	81089.09164983522
V2002042B2 1:100000	1258.0	-	0.041374489788405404	4137.448978840541	1662.0	-	0.11714584792227184	11714.584792227184	1822.0	-	0.08460659749583173	8460.659749583172	711.0	-	0.03483862676852569	3483.862676852569	1067.0	-	0.046560358221094736	4656.035822109474	4078.0	-	0.19104380161702764	19104.380161702764	4298.0	-	0.18069569570129765	18069.569570129766	897.0	-	0.046315621275423886	4631.562127542388	1227.0	-	0.04617225620931577	4617.2256209315765	4272.0	-	0.1909769003310393	19097.690033103932
-	92535.0	-	3.375254246080604	3.375254246080604	216303.0	-	10.428697310879251	10.428697310879251	1251.0	-	0.050980480237775516	0.050980480237775516	79265.0	-	3.794421982071346	3.794421982071346	96712.0	-	3.9929014377758008	3.9929014377758008	372406.0	-	12.586151542392303	12.586151542392303	285398.0	-	9.030841012004695	9.030841012004695	82085.0	-	2.650511768918563	2.650511768918563	87043.0	-	3.719770404606764	3.719770404606764	405978.0	-	13.732757985995104	13.732757985995104
V2010022B2 1:50000	7056.0	-	0.2522638296148905	12613.191480744526	11506.0	-	0.7210167788630318	36050.83894315159	12571.0	-	0.6456520113993867	32282.600569969334	4379.0	-	0.23398815341610424	11699.407670805213	6558.0	-	0.30577896013294353	15288.948006647177	28397.0	-	1.2161121365855545	60805.60682927773	29540.0	-	1.08464930031565	54232.4650157825	5398.0	-	0.2607818943538853	13039.094717694266	7195.0	-	0.2589037311678711	12945.186558393554	30354.0	-	1.214565590002452	60728.2795001226
V2010022B2 1:100000	768.0	-	0.023590615572431955	2359.0615572431957	1199.0	-	0.08450757936893083	8450.757936893084	1364.0	-	0.05774384185210718	5774.384185210718	550.0	-	0.02545704262976097	2545.704262976097	727.0	-	0.02908595343028033	2908.595343028033	3053.0	-	0.14102049581422685	14102.049581422685	3063.0	-	0.12961825552982037	12961.825552982036	635.0	-	0.030220119543623275	3022.0119543623273	849.0	-	0.031641615720239095	3164.1615720239097	3191.0	-	0.1439939120395585	14399.391203955849
v2108022 1:50000	24178.0	-	0.87646438430718	43823.219215359	43365.0	-	2.417912424320541	120895.62121602707	391.0	-	nan	nan	14486.0	-	0.7464142865415075	37320.71432707538	20384.0	-	0.9104526700185284	45522.633500926415	75692.0	-	2.9745762827505797	148728.814137529	84332.0	-	2.8399451521185695	141997.25760592846	16959.0	-	0.6991525626319692	34957.62813159846	24710.0	-	0.8754596468308153	43772.982341540766	76434.0	-	2.875496795220941	143774.83976104707
v2108022 1:100000	2416.0	-	0.08344383228766664	8344.383228766663	4518.0	-	0.30413442610417873	30413.442610417875	191.0	-	nan	nan	1569.0	-	0.08321700092157888	8321.700092157887	2119.0	-	0.09863029949265463	9863.029949265463	7734.0	-	0.36013708383440046	36013.70838344005	8600.0	-	0.34849017851260455	34849.017851260454	1777.0	-	0.09448005259494639	9448.00525949464	2651.0	-	0.09875117981860423	9875.117981860423	8293.0	-	0.35936824949022106	35936.824949022106
V2002002B1 1:50000	14541.0	-	0.5249766232525932	26248.83116262966	42570.0	-	2.3775672467682876	118878.36233841437	342.0	-	nan	nan	12987.0	-	0.6719928150228537	33599.64075114269	15919.0	-	0.7189472427022158	35947.36213511079	80958.0	-	3.1618959178340327	158094.79589170162	59997.0	-	2.0752335178710775	103761.67589355387	13326.0	-	0.569293647028817	28464.68235144085	12658.0	-	0.44838068195590625	22419.034097795313	90887.0	-	3.379832601441728	168991.6300720864
V2002080B2 1:50000	186730.0	-	6.828128632847303	341406.4316423652	265886.0	-	12.588177729385766	629408.8864692883	4316.0	-	0.22280958860165373	11140.479430082687	73745.0	-	3.5417387131801354	177086.93565900676	167236.0	-	6.706499244385532	335324.96221927664	571291.0	-	18.527867850135628	926393.3925067814	577986.0	-	18.763301720446492	938165.0860223246	91649.0	-	2.908270083610567	145413.50418052834	167575.0	-	11.840072095673921	592003.6047836961	629222.0	-	20.794992507329603	1039749.6253664801
V2002080B2 1:100000	18928.0	-	0.6849419206048286	68494.19206048286	34701.0	-	1.9742015800995543	197420.15800995543	570.0	-	0.007936854862526788	793.6854862526787	7963.0	-	0.41914262926889695	41914.26292688969	16098.0	-	0.7266776671324637	72667.76671324637	59703.0	-	2.3974783284740253	239747.83284740252	59533.0	-	2.0604859415198162	206048.5941519816	10741.0	-	0.4733526733290242	47335.26733290242	17392.0	-	0.6138662659488258	61386.626594882575	68939.0	-	2.611538654692518	261153.8654692518
V2120041B2 1:50000	40133.0	-	1.458960764574034	72948.0382287017	83803.0	-	4.400958166989517	220047.90834947582	733.0	-	0.01882145464411704	941.0727322058519	25346.0	-	1.2763562248319067	63817.81124159534	37375.0	-	1.6210931864004208	81054.65932002103	177534.0	-	6.4411839500411725	322059.19750205864	164669.0	-	5.308904653479777	265445.23267398885	31285.0	-	1.1749481562896957	58747.40781448479	34657.0	-	1.2470608592619172	62353.04296309586	195767.0	-	6.922448243621427	346122.41218107136
V2120041B2 1:100000	4201.0	-	0.14835410925297446	14835.410925297447	9564.0	-	0.6085386991352857	60853.86991352857	210.0	-	nan	nan	2539.0	-	0.13616695529542008	13616.695529542008	4178.0	-	0.1963597221404376	19635.97221404376	20077.0	-	0.8835924636346653	88359.24636346653	17051.0	-	0.6558079798913438	65580.79798913437	3345.0	-	0.17038938600680803	17038.9386006808	3795.0	-	0.13973311699981122	13973.311699981123	20182.0	-	0.8292466407004206	82924.66407004207
V2002002B1 1:100000	1083.0	-	0.035021434526377404	3502.14345263774	3132.0	-	0.21560024887842363	21560.024887842363	185.0	-	nan	nan	951.0	-	0.0485951303666714	4859.51303666714	1344.0	-	0.06050385535701521	6050.385535701521	5885.0	-	0.27604507013205976	27604.507013205977	4307.0	-	0.18106135506895316	18106.135506895316	1037.0	-	0.05446395609329662	5446.395609329662	1002.0	-	0.037569810031278676	3756.9810031278676	6474.0	-	0.28417178030578094	28417.178030578096
V2010026B2 1:50000	54278.0	-	1.975814033511138	98790.7016755569	68389.0	-	3.658541072415475	182927.05362077375	274.0	-	nan	nan	32011.0	-	1.5958051972064922	79790.25986032462	49055.0	-	2.0984827084740956	104924.13542370478	174790.0	-	6.351027138336489	317551.3569168245	186742.0	-	5.9840381019702304	299201.90509851155	39053.0	-	1.41704785550547	70852.3927752735	48441.0	-	1.8020414020588038	90102.0701029402	187924.0	-	6.662535149956189	333126.7574978094
V2010026B2 1:100000	5501.0	-	0.19565766946952995	19565.766946952994	7273.0	-	0.4729559445069106	47295.59445069106	159.0	-	nan	nan	3396.0	-	0.18206009789105337	18206.009789105337	5103.0	-	0.23922798380448998	23922.798380449	16287.0	-	0.7277539223571973	72775.39223571973	19717.0	-	0.7492550923292716	74925.50923292716	4177.0	-	0.20792257405664621	20792.257405664623	5032.0	-	0.1834009476884026	18340.09476884026	19931.0	-	0.8195880195124007	81958.80195124006
V2010001B2 1:50000	9420.0	-	0.3383582252625792	16917.91126312896	14281.0	-	0.8786967984881595	43934.83992440798	418.0	-	nan	nan	4945.0	-	0.2636149786295676	13180.748931478382	7771.0	-	0.36060485261018904	18030.242630509452	42844.0	-	1.7719465995291173	88597.32997645586	45598.0	-	1.613479610716619	80673.98053583095	6202.0	-	0.29446345626110093	14723.172813055047	9182.0	-	0.32783640777303363	16391.820388651682	46911.0	-	1.823539646241359	91176.98231206795
V2010001B2 1:100000	1072.0	-	0.03462215497083699	3462.215497083699	1718.0	-	0.12102401774107276	12102.401774107275	192.0	-	nan	nan	595.0	-	0.028094604811411544	2809.4604811411546	869.0	-	0.036443222578949476	3644.3222578949476	4402.0	-	0.2065451657321069	20654.51657321069	4799.0	-	0.20092950371292814	20092.950371292813	670.0	-	0.03245219154792178	3245.2191547921784	991.0	-	0.03714593544521998	3714.5935445219975	5042.0	-	0.22389325366662763	22389.325366662764
V2120031B1 1:100000	2430.0	-	0.08395268660737752	8395.268660737753	5272.0	-	0.3511332920484671	35113.32920484671	372.0	-	nan	nan	2224.0	-	0.11911105953021375	11911.105953021375	2695.0	-	0.12638383936006467	12638.383936006467	11214.0	-	0.5131006578843583	51310.06578843583	9209.0	-	0.3714096318943661	37140.96318943661	2167.0	-	0.114209494830958	11420.949483095801	1764.0	-	0.06630145066804757	6630.145066804757	12986.0	-	0.5484157803025963	54841.57803025963
V2010004B2 1:50000	39238.0	-	1.426270369065465	71313.51845327325	36989.0	-	2.0922850607576504	104614.25303788252	2350.0	-	0.11478178634802803	5739.089317401402	19934.0	-	1.0140191766597408	50700.95883298704	29911.0	-	1.311784224445045	65589.21122225226	96419.0	-	3.705261833103096	185263.0916551548	103962.0	-	3.4481181954766806	172405.90977383402	26615.0	-	1.0247747952608157	51238.73976304079	34028.0	-	1.2229185897499368	61145.92948749684	99248.0	-	3.6691497169986182	183457.4858499309
V2010004B2 1:100000	3973.0	-	0.1400600559058093	14006.005590580931	4344.0	-	0.29318440433032633	29318.440433032632	365.0	-	nan	nan	2146.0	-	0.11486913060648517	11486.913060648516	3050.0	-	0.143305760628506	14330.5760628506	9630.0	-	0.4441942519222905	44419.42519222905	10685.0	-	0.4263432980785455	42634.32980785455	2573.0	-	0.13407101255216472	13407.101255216472	3797.0	-	0.13980416834656895	13980.416834656895	9811.0	-	0.42119787490878907	42119.78749087891
V2120031B2 1:50000	67215.0	-	2.4488183143507554	122440.91571753776	90952.0	-	4.740961001164212	237048.05005821062	2189.0	-	0.10565331858934883	5282.665929467442	48580.0	-	2.377462368782893	118873.11843914466	72117.0	-	3.023876414469923	151193.82072349614	224199.0	-	7.955251651355133	397762.58256775665	221402.0	-	7.047335240640945	352366.76203204726	56241.0	-	1.9274804280091835	96374.02140045917	57682.0	-	2.2061986976445787	110309.93488222893	252310.0	-	8.780299002482664	439014.9501241332
V2120031B2 1:100000	7081.0	-	0.2531740773484388	25317.407734843877	11030.0	-	0.6936270689609224	69362.70689609225	361.0	-	nan	nan	5079.0	-	0.2706037444863969	27060.37444863969	7426.0	-	0.3450646526374158	34506.46526374158	24160.0	-	1.048206921084104	104820.69210841041	23337.0	-	0.8742968022955975	87429.68022955974	5149.0	-	0.2501833186252437	25018.331862524366	5790.0	-	0.20995075750120953	20995.075750120952	26135.0	-	1.0560611576893006	105606.11576893006
P.Control1.1	14912.0	-	0.5385015513599879	0.5385015513599879	20130.0	-	1.2022043978528993	1.2022043978528993	374593.0	-	15.883689631172311	15.883689631172311	8500.0	-	0.4464748006444162	0.4464748006444162	15161.0	-	0.6861569302119985	0.6861569302119985	129699.0	-	4.847642578376028	4.847642578376028	99144.0	-	3.299352392570277	3.299352392570277	10026.0	-	0.4461722314049777	0.4461722314049777	14855.0	-	0.5249101277730038	0.5249101277730038	199706.0	-	7.05275809656667	7.05275809656667
V2010002B2 1:50000	36507.0	-	1.3265291692153762	66326.45846076882	67257.0	-	3.603453942714334	180172.6971357167	327.0	-	nan	nan	26286.0	-	1.3216308510093322	66081.5425504666	38360.0	-	1.661640251314566	83082.0125657283	149790.0	-	5.52293026305492	276146.51315274596	115280.0	-	3.796606311077669	189830.31555388347	28924.0	-	1.0995165587652775	54975.82793826388	32014.0	-	1.146237214240921	57311.86071204605	151193.0	-	5.436306308673559	271815.3154336779
V2010002B2 1:100000	4011.0	-	0.14144234588268503	14144.234588268504	7970.0	-	0.5145867173180764	51458.67173180763	164.0	-	nan	nan	2981.0	-	0.1599204026175296	15992.04026175296	4050.0	-	0.19038655937159396	19038.655937159398	16327.0	-	0.729416421524597	72941.6421524597	12928.0	-	0.5084105002902392	50841.050029023914	3174.0	-	0.16248466441793621	16248.466441793622	3262.0	-	0.12073114521766826	12073.114521766825	16495.0	-	0.6864493628892239	68644.93628892238
V2120003B1 1:50000	11799.0	-	0.42503595634510277	21251.797817255137	18294.0	-	1.1017523309929653	55087.616549648264	155.0	-	nan	nan	7199.0	-	0.38009918514513663	19004.959257256833	12512.0	-	0.5708041547180316	28540.20773590158	46082.0	-	1.8937325699563257	94686.62849781629	30861.0	-	1.1289176587344114	56445.88293672057	6696.0	-	0.31479049640856505	15739.524820428252	11564.0	-	0.4103978096630539	20519.890483152696	45553.0	-	1.7742333516475983	88711.66758237992
V2120003B1 1:100000	1419.0	-	0.04722061957275338	4722.061957275338	1979.0	-	0.1389362200617063	13893.62200617063	160.0	-	nan	nan	828.0	-	0.04157386665886954	4157.386665886955	1423.0	-	0.06444393498009232	6444.393498009232	5073.0	-	0.2382621296290443	23826.212962904432	3379.0	-	0.1428757212889449	14287.572128894491	773.0	-	0.03886050489672414	3886.050489672414	1300.0	-	0.04893860159948505	4893.860159948505	4705.0	-	0.20953612944392813	20953.612944392815
P.Control1.2	7618.0	-	0.2727274497518747	0.2727274497518747	10985.0	-	0.6910319656747118	0.6910319656747118	151225.0	-	6.759820142820039	6.759820142820039	4134.0	-	0.22110597737346857	0.22110597737346857	7265.0	-	0.33779856816237824	0.33779856816237824	48352.0	-	1.9786043639166688	1.9786043639166688	41234.0	-	1.471519566201701	1.471519566201701	4867.0	-	0.23807453844196508	0.23807453844196508	7130.0	-	0.25664434588016294	0.25664434588016294	82829.0	-	3.099357703518716	3.099357703518716
V2002012B2 1:50000	32040.0	-	1.1634207730411756	58171.038652058785	37525.0	-	2.1198483734411857	105992.41867205928	259.0	-	nan	nan	21978.0	-	1.1134555892162248	55672.77946081124	34955.0	-	1.5212200832402123	76061.00416201062	110057.0	-	4.177443630148682	208872.18150743408	102868.0	-	3.4143630313444078	170718.1515672204	24151.0	-	0.9438432449760672	47192.16224880336	26346.0	-	0.9351803087884428	46759.01543942214	108571.0	-	3.989913833172488	199495.6916586244
V2002012B2 1:100000	3431.0	-	0.12034666446717603	12034.666446717603	4462.0	-	0.3006148266590264	30061.48266590264	174.0	-	nan	nan	2171.0	-	0.11622957497410746	11622.957497410747	3493.0	-	0.1642598749131065	16425.98749131065	11452.0	-	0.5233644343094642	52336.44343094642	10211.0	-	0.40879073833529384	40879.073833529386	2498.0	-	0.13044710488754394	13044.710488754394	2835.0	-	0.10539620980220396	10539.620980220396	12776.0	-	0.5400767512426525	54007.67512426525
V2120041B1 1:50000	19837.0	-	0.7180962350982265	35904.81175491132	50844.0	-	2.7942906341009457	139714.5317050473	674.0	-	0.014958737648230549	747.9368824115274	13601.0	-	0.7025239962735881	35126.199813679406	20435.0	-	0.9126254556117045	45631.27278058523	111183.0	-	4.216162553429634	210808.12767148172	92419.0	-	3.0911941167285746	154559.70583642874	15044.0	-	0.631341270407841	31567.063520392054	18988.0	-	0.6702284714581934	33511.42357290967	110149.0	-	4.0440277416881525	202201.38708440762
V2120041B1 1:100000	2027.0	-	0.0693069714522908	6930.69714522908	5508.0	-	0.3657060103911957	36570.601039119574	232.0	-	nan	nan	1373.0	-	0.07233425451658307	7233.425451658307	2153.0	-	0.10028023068277145	10028.023068277145	11597.0	-	0.5296068747040553	52960.68747040553	10105.0	-	0.4048544028570075	40485.44028570075	1646.0	-	0.0876784021081159	8767.84021081159	2127.0	-	0.07967713737945721	7967.713737945721	11613.0	-	0.49371198195883875	49371.19819588387
P.Control1.3	2433.0	-	0.08406172743747357	0.08406172743747357	2947.0	-	0.20352065455411333	0.20352065455411333	82460.0	-	3.8276682324127678	3.8276682324127678	1305.0	-	0.0685396919176344	0.0685396919176344	2396.0	-	0.11202755536592103	0.11202755536592103	15106.0	-	0.6784780969685057	0.6784780969685057	12002.0	-	0.47471631849363366	0.47471631849363366	1553.0	-	0.08278770093100009	0.08278770093100009	2333.0	-	0.08720486021129714	0.08720486021129714	17341.0	-	0.7193984983907653	0.7193984983907653
